 # Mass Budget. Units are kg with MW used here. ADJUST! if needed
 #n          Spec        usedMW        emis        ddep        wdep        init    sum_mass     fluxout      fluxin   frac_mass
  1 RO2POOL                64.0  0.0000E+00  0.0000E+00  0.0000E+00  0.0000E+00  6.3649E+05  5.1318E+05  0.0000E+00  5.2030E+05
  2 CH3CO3                 75.0  0.0000E+00  0.0000E+00  0.0000E+00  0.0000E+00  2.7632E+04  3.0258E+04  0.0000E+00  2.2356E+04
  3 O3                     48.0  0.0000E+00  5.8642E+08  0.0000E+00  7.0074E+10  7.2927E+10  1.0587E+11  1.0898E+11  1.0018E+00
  4 NO                     30.0  1.1479E+08  0.0000E+00  0.0000E+00  7.4574E+06  2.7650E+05  1.4293E+06  4.6384E+06  1.3444E-02
  5 NO2                    46.0  1.3043E+07  1.2301E+07  0.0000E+00  1.3482E+07  4.6956E+07  1.3716E+07  1.0454E+07  1.9733E+00
  6 NO3                    62.0  0.0000E+00  0.0000E+00  0.0000E+00  0.0000E+00  2.1608E+06  6.7684E+05  0.0000E+00  1.3256E+06
  7 N2O5                  108.0  0.0000E+00  4.3511E+06  2.0635E+07  0.0000E+00  1.2886E+07  3.8084E+06  0.0000E+00  1.1178E+07
  8 H2                      2.0  0.0000E+00  0.0000E+00  0.0000E+00  1.4751E+10  1.4733E+10  1.1882E+10  1.1939E+10  9.9719E-01
  9 H2O2                   34.0  0.0000E+00  3.0562E+06  1.1177E+07  4.1796E+06  9.7536E+06  9.1652E+06  3.5356E+06  4.2970E+00
 10 HONO                   47.0  0.0000E+00  1.4662E+05  2.1457E+05  0.0000E+00  4.8025E+04  2.6040E+04  0.0000E+00  2.6823E+05
 11 HNO3                   63.0  0.0000E+00  1.9925E+07  4.3814E+07  1.1728E+07  2.9777E+07  1.2069E+07  9.6113E+06  4.9480E+00
 12 HO2NO2                 79.0  0.0000E+00  8.0574E+05  1.8138E+06  0.0000E+00  1.8460E+06  1.4700E+06  0.0000E+00  2.1761E+06
 13 CO                     28.0  5.3523E+08  0.0000E+00  0.0000E+00  4.0193E+10  4.0543E+10  3.0439E+10  3.0502E+10  9.9652E-01
 14 CH4                    16.0  0.0000E+00  0.0000E+00  0.0000E+00  3.6544E+11  3.6498E+11  2.9437E+11  2.9576E+11  9.9719E-01
 15 C2H6                   30.0  2.1165E+07  0.0000E+00  0.0000E+00  5.8068E+08  5.9895E+08  4.0462E+08  4.0276E+08  9.9897E-01
 16 NC4H10                 58.0  6.0584E+07  0.0000E+00  0.0000E+00  9.9740E+08  9.9932E+08  6.2473E+08  6.3368E+08  9.6003E-01
 17 C2H4                   28.0  1.2267E+07  0.0000E+00  0.0000E+00  0.0000E+00  8.3891E+06  9.5270E+05  0.0000E+00  7.6151E-01
 18 C3H6                   42.0  6.0514E+06  0.0000E+00  0.0000E+00  0.0000E+00  1.9276E+06  2.2648E+05  0.0000E+00  3.5596E-01
 19 BENZENE                78.0  3.8063E+06  0.0000E+00  0.0000E+00  0.0000E+00  3.4521E+06  4.8311E+05  0.0000E+00  1.0339E+00
 20 TOLUENE                92.0  8.0163E+06  0.0000E+00  0.0000E+00  0.0000E+00  6.4258E+06  5.7804E+05  0.0000E+00  8.7370E-01
 21 OXYL                  106.0  1.1889E+07  0.0000E+00  0.0000E+00  0.0000E+00  8.5421E+06  5.1311E+05  0.0000E+00  7.6165E-01
 22 C5H8                   68.0  0.0000E+00  0.0000E+00  0.0000E+00  0.0000E+00  1.8126E+05  5.7796E+04  0.0000E+00  1.0182E+05
 23 CH3OH                  32.0  1.8506E+07  0.0000E+00  0.0000E+00  0.0000E+00  1.7669E+07  2.5765E+06  0.0000E+00  1.0940E+00
 24 C2H5OH                 46.0  1.6653E+07  0.0000E+00  0.0000E+00  0.0000E+00  1.4563E+07  1.5151E+06  0.0000E+00  9.6548E-01
 25 HCHO                   30.0  2.0762E+06  1.0573E+07  9.0276E+06  7.4598E+07  4.6128E+07  3.1419E+07  4.7624E+07  7.8157E-01
 26 CH3CHO                 44.0  4.1136E+06  5.7746E+05  0.0000E+00  6.6393E+07  6.0951E+07  3.7160E+07  4.2139E+07  8.7610E-01
 27 MACR                   70.0  0.0000E+00  6.3166E+05  0.0000E+00  0.0000E+00  1.9106E+07  3.4171E+06  0.0000E+00  9.5806E+06
 28 MEK                    72.0  4.2633E+06  5.0141E+05  0.0000E+00  0.0000E+00  4.1468E+07  1.2205E+07  0.0000E+00  1.2707E+01
 29 ACETOL                 74.0  7.7700E+04  5.3168E+05  4.1120E+05  0.0000E+00  2.3562E+06  4.3650E+05  0.0000E+00  4.8076E+01
 30 GLYOX                  58.0  7.4482E+05  4.5922E+05  3.6062E+05  0.0000E+00  2.1262E+05  5.9552E+04  0.0000E+00  1.4661E+00
 31 MGLYOX                 72.0  2.0736E+05  9.7167E+05  1.5267E+06  0.0000E+00  2.2481E+06  4.1991E+05  0.0000E+00  2.4915E+01
 32 BIACET                 86.0  0.0000E+00  1.3802E+02  0.0000E+00  0.0000E+00  1.2956E+04  4.5869E+03  0.0000E+00  5.9549E+03
 33 C5DICARB               98.0  0.0000E+00  7.9668E+04  1.0589E+05  0.0000E+00  3.5573E+04  5.8020E+03  0.0000E+00  6.7071E+04
 34 CH3OOH                 48.0  0.0000E+00  2.0208E+05  0.0000E+00  0.0000E+00  5.2365E+06  3.5780E+06  0.0000E+00  5.4408E+06
 35 C2H5OOH                62.0  0.0000E+00  6.4153E+04  0.0000E+00  0.0000E+00  2.0756E+06  8.6031E+05  0.0000E+00  1.4015E+06
 36 BURO2H                 90.0  0.0000E+00  2.3327E+05  0.0000E+00  0.0000E+00  1.4635E+07  7.0233E+06  0.0000E+00  7.0453E+06
 37 ETRO2H                 78.0  0.0000E+00  9.5469E+04  1.7654E+05  0.0000E+00  1.7361E+05  4.7581E+04  0.0000E+00  1.8314E+05
 38 MEKO2H                104.0  0.0000E+00  3.2866E+04  1.2606E+05  0.0000E+00  2.3165E+05  8.6524E+04  0.0000E+00  1.3287E+05
 39 ISRO2H                118.0  0.0000E+00  1.7730E+05  8.1314E+04  0.0000E+00  8.9415E+04  2.3435E+04  0.0000E+00  9.1178E+04
 40 C5DICAROOH            147.0  0.0000E+00  3.0998E+04  6.6454E+04  0.0000E+00  7.2207E+04  2.6522E+04  0.0000E+00  3.8654E+04
 41 HPALD                 116.0  0.0000E+00  1.9698E+04  2.6106E+04  0.0000E+00  2.1557E+04  3.1188E+03  0.0000E+00  1.7598E+04
 42 MACROOH               120.0  0.0000E+00  4.1801E+05  3.8073E+05  0.0000E+00  3.2197E+05  9.2526E+04  0.0000E+00  2.9283E+05
 43 OXYO2H                188.0  0.0000E+00  7.5896E+04  1.1653E+05  0.0000E+00  8.2918E+04  1.7187E+04  0.0000E+00  4.5068E+04
 44 CH3CO3H                76.0  0.0000E+00  1.1228E+05  1.5965E+05  0.0000E+00  2.2447E+06  1.0959E+06  0.0000E+00  1.3767E+06
 45 PACALD                130.0  0.0000E+00  5.0051E+03  3.7528E+03  0.0000E+00  2.7381E+03  7.2861E+02  0.0000E+00  2.7236E+03
 46 IEPOX                 118.0  0.0000E+00  9.3005E+04  6.4351E+04  0.0000E+00  1.1374E+05  3.9191E+04  0.0000E+00  7.6161E+04
 47 SC4H9NO3              119.0  0.0000E+00  1.3604E+05  0.0000E+00  0.0000E+00  6.1231E+06  1.9160E+06  0.0000E+00  1.9898E+06
 48 NALD                  105.0  0.0000E+00  7.3936E+04  1.1215E+05  0.0000E+00  1.0903E+06  1.9438E+05  0.0000E+00  4.0571E+05
 49 ISON                  147.0  0.0000E+00  2.0190E+05  3.0890E+05  0.0000E+00  2.0196E+05  1.9375E+04  0.0000E+00  1.4426E+05
 50 PAN                   121.0  0.0000E+00  2.6032E+06  0.0000E+00  1.0848E+08  1.3151E+08  9.3011E+07  8.7825E+07  1.1570E+00
 51 MPAN                  132.0  0.0000E+00  1.9224E+05  0.0000E+00  0.0000E+00  3.7320E+06  5.9083E+05  0.0000E+00  9.9071E+05
 52 APINENE               136.0  0.0000E+00  0.0000E+00  0.0000E+00  0.0000E+00  1.1423E+06  1.4557E+05  0.0000E+00  2.7427E+05
 53 TERPOOH               186.0  0.0000E+00  5.1649E+06  4.1452E+06  0.0000E+00  1.6830E+06  2.9982E+05  0.0000E+00  1.7585E+06
 54 SO2                    64.0  1.1888E+08  2.5473E+07  1.8331E+07  3.0472E+07  5.3228E+07  2.9881E+07  2.4675E+07  7.2929E-01
 55 shipNOx                46.0  0.0000E+00  0.0000E+00  0.0000E+00  0.0000E+00  0.0000E+00  0.0000E+00  0.0000E+00  0.0000E+00
 56 Dust_road_f           200.0  0.0000E+00  0.0000E+00  0.0000E+00  0.0000E+00  0.0000E+00  0.0000E+00  0.0000E+00  0.0000E+00
 57 Dust_road_c           200.0  0.0000E+00  0.0000E+00  0.0000E+00  0.0000E+00  0.0000E+00  0.0000E+00  0.0000E+00  0.0000E+00
 58 Dust_wb_f             200.0  1.0182E+08  1.6778E+07  1.2542E+08  2.0125E+08  1.4540E+08  1.6503E+08  1.4146E+08  1.0182E+00
 59 Dust_wb_c             200.0  4.0728E+08  2.5174E+08  2.6278E+08  4.2207E+08  2.7811E+08  3.3577E+08  2.8952E+08  1.0085E+00
 60 Dust_sah_f            200.0  0.0000E+00  0.0000E+00  0.0000E+00  0.0000E+00  0.0000E+00  0.0000E+00  0.0000E+00  0.0000E+00
 61 Dust_sah_c            200.0  0.0000E+00  0.0000E+00  0.0000E+00  0.0000E+00  0.0000E+00  0.0000E+00  0.0000E+00  0.0000E+00
 62 SQT_SOA_NV            302.0  0.0000E+00  6.9092E+04  1.7514E+05  0.0000E+00  1.1085E+05  2.2330E+04  0.0000E+00  3.6197E+04
 63 POLLEN_BIRCH           12.0  0.0000E+00  0.0000E+00  0.0000E+00  0.0000E+00  0.0000E+00  0.0000E+00  0.0000E+00  0.0000E+00
 64 POLLEN_OLIVE           12.0  0.0000E+00  0.0000E+00  0.0000E+00  0.0000E+00  0.0000E+00  0.0000E+00  0.0000E+00  0.0000E+00
 65 POLLEN_ALDER           12.0  0.0000E+00  0.0000E+00  0.0000E+00  0.0000E+00  0.0000E+00  0.0000E+00  0.0000E+00  0.0000E+00
 66 POLLEN_RWEED           12.0  0.0000E+00  0.0000E+00  0.0000E+00  0.0000E+00  0.0000E+00  0.0000E+00  0.0000E+00  0.0000E+00
 67 POLLEN_GRASS           12.0  0.0000E+00  0.0000E+00  0.0000E+00  0.0000E+00  0.0000E+00  0.0000E+00  0.0000E+00  0.0000E+00
 68 POLLEN_MUGWORT1        12.0  0.0000E+00  0.0000E+00  0.0000E+00  0.0000E+00  0.0000E+00  0.0000E+00  0.0000E+00  0.0000E+00
 69 POLLEN_MUGWORT2        12.0  0.0000E+00  0.0000E+00  0.0000E+00  0.0000E+00  0.0000E+00  0.0000E+00  0.0000E+00  0.0000E+00
 70 POLLEN_MUGWORT3        12.0  0.0000E+00  0.0000E+00  0.0000E+00  0.0000E+00  0.0000E+00  0.0000E+00  0.0000E+00  0.0000E+00
 71 POLLEN_MUGWORT4        12.0  0.0000E+00  0.0000E+00  0.0000E+00  0.0000E+00  0.0000E+00  0.0000E+00  0.0000E+00  0.0000E+00
 72 POLLEN_MUGWORT5        12.0  0.0000E+00  0.0000E+00  0.0000E+00  0.0000E+00  0.0000E+00  0.0000E+00  0.0000E+00  0.0000E+00
 73 ASOC_ng1e2             12.0  0.0000E+00  6.8464E+02  4.4910E+03  0.0000E+00  1.3837E+04  5.9979E+03  0.0000E+00  6.0367E+04
 74 ASOC_ug1               12.0  0.0000E+00  7.7549E+03  7.2953E+04  0.0000E+00  2.0867E+05  7.8260E+04  0.0000E+00  8.8737E+05
 75 ASOC_ug10              12.0  0.0000E+00  3.4408E+04  3.6829E+05  0.0000E+00  1.7269E+06  6.4586E+05  0.0000E+00  6.6990E+06
 76 ASOC_ug1e2             12.0  0.0000E+00  1.5994E+04  9.1413E+04  0.0000E+00  8.2768E+05  1.8828E+05  0.0000E+00  2.7114E+06
 77 ASOC_ug1e3             12.0  0.0000E+00  1.7885E+04  1.0508E+05  0.0000E+00  1.0209E+06  2.0799E+05  0.0000E+00  3.2629E+06
 78 non_C_ASOA_ng1e2        1.0  0.0000E+00  7.6475E+02  4.9422E+03  0.0000E+00  1.5453E+04  6.7968E+03  0.0000E+00  8.0975E+05
 79 non_C_ASOA_ug1          1.0  0.0000E+00  7.8812E+03  7.0804E+04  0.0000E+00  2.0464E+05  7.6621E+04  0.0000E+00  1.0425E+07
 80 non_C_ASOA_ug10         1.0  0.0000E+00  3.1222E+04  3.0194E+05  0.0000E+00  1.4173E+06  5.0739E+05  0.0000E+00  6.5395E+07
 81 non_C_ASOA_ug1e2        1.0  0.0000E+00  1.7425E+04  9.9740E+04  0.0000E+00  9.1249E+05  2.0861E+05  0.0000E+00  3.5865E+07
 82 non_C_ASOA_ug1e3        1.0  0.0000E+00  1.8491E+04  1.0916E+05  0.0000E+00  1.0678E+06  2.1644E+05  0.0000E+00  4.0893E+07
 83 BSOC_ng1e2             12.0  0.0000E+00  2.2366E+03  1.1466E+04  0.0000E+00  2.2505E+04  7.5031E+03  0.0000E+00  1.0550E+05
 84 BSOC_ug1               12.0  0.0000E+00  2.0607E+05  8.8145E+05  0.0000E+00  7.2351E+05  1.7605E+05  0.0000E+00  4.7962E+06
 85 BSOC_ug10              12.0  0.0000E+00  1.7024E+05  8.2168E+05  0.0000E+00  1.7785E+06  3.3819E+05  0.0000E+00  7.5033E+06
 86 BSOC_ug1e2             12.0  0.0000E+00  1.9658E+05  1.1529E+06  0.0000E+00  5.6147E+06  1.1094E+06  0.0000E+00  1.9487E+07
 87 BSOC_ug1e3             12.0  0.0000E+00  2.6545E+05  1.6764E+06  0.0000E+00  9.7078E+06  1.8259E+06  0.0000E+00  3.2526E+07
 88 non_C_BSOA_ng1e2        1.0  0.0000E+00  1.9713E+03  1.0041E+04  0.0000E+00  2.0673E+04  6.9795E+03  0.0000E+00  1.1488E+06
 89 non_C_BSOA_ug1          1.0  0.0000E+00  1.4603E+05  6.2710E+05  0.0000E+00  5.3326E+05  1.3048E+05  0.0000E+00  4.1617E+07
 90 non_C_BSOA_ug10         1.0  0.0000E+00  1.2240E+05  5.9083E+05  0.0000E+00  1.3161E+06  2.5177E+05  0.0000E+00  6.6069E+07
 91 non_C_BSOA_ug1e2        1.0  0.0000E+00  1.3989E+05  8.1781E+05  0.0000E+00  4.0197E+06  7.9237E+05  0.0000E+00  1.6711E+08
 92 non_C_BSOA_ug1e3        1.0  0.0000E+00  1.8582E+05  1.1735E+06  0.0000E+00  6.7954E+06  1.2781E+06  0.0000E+00  2.7321E+08
 93 SO4                    96.0  8.3871E+06  5.0712E+06  5.6853E+07  3.4282E+07  5.3873E+07  3.4826E+07  2.7859E+07  2.1356E+00
 94 NH3                    17.0  5.7350E+07  1.7307E+07  7.7001E+06  0.0000E+00  1.0966E+07  4.3438E+06  0.0000E+00  7.0300E-01
 95 NO3_f                  62.0  0.0000E+00  3.4609E+06  6.3091E+06  9.1953E+06  1.2627E+07  6.0900E+06  6.3811E+06  1.8288E+00
 96 NO3_c                  62.0  0.0000E+00  4.6530E+06  2.3146E+07  8.0349E+06  2.2550E+07  1.3632E+07  6.1855E+06  4.4992E+00
 97 NH4_f                  18.0  0.0000E+00  2.6247E+06  1.3831E+07  1.2139E+07  1.6876E+07  1.0076E+07  9.0498E+06  2.0487E+00
 98 OM25_bgnd              24.0  0.0000E+00  0.0000E+00  0.0000E+00  0.0000E+00  1.1560E+08  9.5306E+07  0.0000E+00  2.5453E+08
 99 OM25_p                  1.0  0.0000E+00  0.0000E+00  0.0000E+00  0.0000E+00  1.2638E+08  9.8169E+07  0.0000E+00  6.5037E+09
100 ffire_OM               20.4  6.4268E+05  7.7027E+04  1.8678E+05  0.0000E+00  3.4106E+05  9.9985E+04  0.0000E+00  1.0967E+00
101 ffire_BC               12.0  7.0140E+04  8.7238E+03  1.8636E+04  0.0000E+00  3.7287E+04  1.1927E+04  0.0000E+00  1.0917E+00
102 ffire_remPPM25         12.0  1.9612E+05  2.3203E+04  4.1491E+04  0.0000E+00  1.1718E+05  2.8666E+04  0.0000E+00  1.0736E+00
103 ffire_c                12.0  1.0546E+05  2.9729E+04  4.2313E+04  0.0000E+00  3.0942E+04  1.3439E+04  0.0000E+00  1.1039E+00
104 SeaSalt_f              58.0  1.6159E+08  1.5710E+07  1.3594E+08  1.5009E+07  2.2598E+07  1.3585E+07  1.0374E+07  1.0046E+00
105 SeaSalt_c              58.0  1.3337E+09  3.4863E+08  9.9593E+08  9.8262E+07  1.4314E+08  7.9076E+07  1.3147E+08  1.0021E+00
106 Ash_f                  12.0  0.0000E+00  0.0000E+00  0.0000E+00  0.0000E+00  0.0000E+00  0.0000E+00  0.0000E+00  0.0000E+00
107 Ash_c                  12.0  0.0000E+00  0.0000E+00  0.0000E+00  0.0000E+00  0.0000E+00  0.0000E+00  0.0000E+00  0.0000E+00
108 POM_f_Res              20.4  1.5986E+07  2.1914E+06  6.9279E+06  0.0000E+00  6.2577E+06  1.7326E+06  0.0000E+00  1.0703E+00
109 POM_c_Res              20.4  4.0116E+05  0.0000E+00  0.0000E+00  0.0000E+00  0.0000E+00  0.0000E+00  0.0000E+00  0.0000E+00
110 POM_f_nonRes           15.0  3.2625E+06  3.9617E+05  1.3572E+06  0.0000E+00  1.4266E+06  3.1236E+05  0.0000E+00  1.0704E+00
111 POM_c_nonRes           15.0  1.8167E+06  6.1187E+05  6.8045E+05  0.0000E+00  4.9067E+05  1.4075E+05  0.0000E+00  1.0589E+00
112 EC_f_Res_new           12.0  1.8865E+06  1.8763E+05  6.5047E+04  0.0000E+00  3.6170E+05  4.0074E+04  0.0000E+00  3.4691E-01
113 EC_f_Res_age           12.0  4.7163E+05  1.7486E+05  7.9563E+05  0.0000E+00  7.0074E+05  1.9633E+05  0.0000E+00  3.9598E+00
114 EC_c_Res               12.0  6.5855E+05  2.5468E+05  8.8438E+04  0.0000E+00  2.2484E+05  1.3157E+05  0.0000E+00  1.0622E+00
115 EC_f_nonRes_new        12.0  1.8933E+06  1.2660E+05  5.3117E+04  0.0000E+00  2.6574E+05  3.6886E+04  0.0000E+00  2.5477E-01
116 EC_f_nonRes_age        12.0  4.7332E+05  1.6440E+05  9.0028E+05  0.0000E+00  7.9930E+05  1.8174E+05  0.0000E+00  4.3220E+00
117 EC_c_nonRes            12.0  8.0243E+05  1.8272E+05  3.7509E+05  0.0000E+00  2.4653E+05  3.7027E+04  0.0000E+00  1.0485E+00
118 remPPM25_nonRes        12.0  1.1966E+07  1.2352E+06  5.5955E+06  0.0000E+00  4.8870E+06  1.0023E+06  0.0000E+00  1.0630E+00
119 remPPM25_Res           12.0  2.1196E+06  2.8584E+05  9.0150E+05  0.0000E+00  9.1709E+05  1.7576E+05  0.0000E+00  1.0758E+00
120 remPPM_c_nonRes        12.0  9.3038E+06  2.1647E+06  4.4443E+06  0.0000E+00  2.5760E+06  5.7925E+05  0.0000E+00  1.0495E+00
121 remPPM_c_Res           12.0  4.4547E+06  1.7247E+06  5.9225E+05  0.0000E+00  1.5262E+06  8.8999E+05  0.0000E+00  1.0625E+00
122 FUNGAL_SPORES           0.0  0.0000E+00  0.0000E+00  0.0000E+00  0.0000E+00  0.0000E+00  0.0000E+00  0.0000E+00  1.0390E+00
