40
  1	926.4 0
  2	1094.83 0
  3	1356.47 0
  4	1680.64 0
  5	2082.27 0
  6	2579.89 0
  7	3196.42 0
  8	3960.29 0
  9	4906.71 0
 10	6018.02 0
 11	7306.63 0
 12	8765.05 7.582e-05
 13	10376.1 0.00046139
  14	12077.4 0.00181516
  15	13775.3 0.00508112
  16	15379.8 0.0111429
  17	16819.5 0.0206779
  18	18045.2 0.0341212
  19	19027.7 0.0516904
  20	19755.1 0.0735338
  21	20222.2 0.0996747
  22	20097.4 0.202476
  23	19584.3 0.243933
  24	18864.8 0.288323
  25  	17961.4 0.335155
  26	16899.5 0.383892
  27	15706.4 0.433963
  38	14411.1 0.484772
  39	13043.2 0.53571
  30 	11632.8 0.586168
  31	10209.5 0.635547
  32	8802.36 0.683269
  33	7438.8 0.728786
   34	  4409.4 0.7954
   35	    1380 0.862 
   36       990.0 0.9010
   37       670.0 0.9330
   38       420.0 0.9580
   39       240.0 0.9760
   40       120.0 0.9880
   41         0.0         1.0000
# 5 lowest levels as in emep 20 sigma
