30
    1    10000.000000    0.00000000   
    2    12077.446289    0.00181516   
    3    13775.325195    0.00508112   
    4    15379.805664    0.01114291   
    5    16819.474609    0.02067788   
    6    18045.183594    0.03412116   
    7    19027.695313    0.05169041   
    8    19755.109375    0.07353383   
    9    20222.205078    0.09967469   
   10     20429.863281    0.13002251   
   11     20384.480469    0.16438432   
   12     20097.402344    0.20247594   
   13     19584.330078    0.24393314   
   14     18864.750000    0.28832296   
   15     17961.357422    0.33515489   
   16     16899.468750    0.38389215   
   17     15706.447266    0.43396294   
   18     14411.124023    0.48477158   
   19     13043.218750    0.53570992   
   20     11632.758789    0.58616841   
   21     10209.500977    0.63554746   
   22      8802.356445    0.68326861   
   23      7438.803223    0.72878581   
   24    4719.4016115  0.8
   25      2000.0 0.87
   26       990.0 0.9010
   27       670.0 0.9330
   28       420.0 0.9580
   29       240.0 0.9760
   30       120.0 0.9880
   31         0.0         1.0000
# 5 lowest levels as in emep 20 sigma
